  2.0000000e+000  2.8036160e+000  2.8318761e+000  2.5479071e+000  4.1128532e+000  3.6580053e+000  2.5752118e+000  2.7839891e+000  1.4835845e+000  2.2395581e+000  5.2845290e+000
  1.0000000e+000  3.1305598e+000  4.4367955e+000  1.9209557e+000  2.9850435e+000  2.1933170e+000  4.3351323e+000  3.2976828e+000  2.9242776e+000  2.3706681e+000  2.6972551e+000
  2.0000000e+000  2.1928405e+000  3.4608500e+000  1.1865282e+000  2.8388507e+000  3.6824655e+000  2.5221671e+000  3.3603495e+000  2.3349021e+000  2.5536712e+000  1.8153580e+000
  2.0000000e+000  4.0523318e+000  3.6279279e+000  3.9034064e+000  3.3850251e+000  3.0781695e+000  1.0457546e+000  3.2482318e+000  3.0515602e+000  2.8286357e+000  2.3539765e+000
  2.0000000e+000  1.4861180e+000  4.8193046e+000  3.7914618e+000  2.3835674e+000  4.6800464e+000  3.6101348e+000  1.4910537e+000  4.0923340e+000  3.2598033e+000  2.0128742e+000
  2.0000000e+000  1.4495010e+000  1.4112470e+000  2.3398654e+000  2.7225475e+000  3.8383057e+000  3.8238944e+000  3.0951914e+000  2.9927894e+000  1.5523748e+000  2.9475683e+000
  2.0000000e+000  1.4581083e+000  2.1356576e+000  3.7883016e+000  2.6661424e+000  2.9151838e+000  1.9709971e+000  1.8971992e+000  3.2502806e+000  1.6956890e+000  4.1613159e+000
  2.0000000e+000  2.3514928e+000  2.9795112e+000  2.9135832e+000  5.2035036e+000  2.3861353e+000  4.2882531e+000  2.6343821e+000  2.2890929e+000  1.5375642e+000  4.0680954e+000
  2.0000000e+000  3.7140564e+000  3.4814538e+000  4.3300547e+000  2.6811849e+000  3.2643933e+000  3.6629383e+000  2.0886319e+000  3.1461323e+000  2.2057594e+000  5.3095981e+000
  2.0000000e+000  4.7268884e+000  1.0042999e+000  4.7998526e+000  2.0874524e+000  2.0076071e+000  3.5355619e+000  4.1620435e+000  1.8057201e+000  2.5622451e+000  3.9382355e+000
  2.0000000e+000  1.0277471e+000  8.8623791e-001  3.9592198e+000  2.3113006e+000  2.3261090e+000  4.1691475e+000  2.0258584e+000  5.5216473e+000  4.3592774e+000  3.0975603e+000
  2.0000000e+000  2.8977691e+000  3.2608834e+000  2.7359817e+000  2.8355172e+000  2.3655857e+000  3.2558259e+000  3.7327303e+000  2.2798264e+000  1.0721614e+000  3.7497819e+000
  2.0000000e+000  1.4832072e+000  3.7973170e+000  2.6905722e+000  5.4352028e+000  3.0584026e+000  4.1145119e+000  3.4160101e+000  4.2954931e+000  5.0355722e+000  2.0571134e+000
  2.0000000e+000  3.1478327e+000  3.1484997e+000  4.3604968e+000  4.1541580e+000  2.3728514e+000  1.4477940e+000  3.7811667e+000  4.6385919e+000  4.5422780e+000  3.0898215e+000
  2.0000000e+000  1.9674684e+000  2.9243302e+000  5.3394362e+000  3.0367182e+000  2.6387427e+000  1.8745047e+000  2.3732568e+000  2.7275311e+000  2.6541324e+000  2.2528391e+000
  2.0000000e+000  3.7961323e+000  2.9506101e+000  4.0577768e+000  2.9501414e+000  2.2222841e+000  2.5619637e+000  3.7635904e+000  4.2157105e+000  2.3161869e+000  4.9243471e+000
  2.0000000e+000  3.4850791e+000  6.2932439e-001  5.3766888e+000  3.4133958e+000  2.3127512e+000  3.0434114e+000  2.6629967e+000  4.8501094e+000  2.0796953e+000  3.3811752e+000
  1.0000000e+000  3.7594065e+000  3.0567723e+000  4.2810845e+000  1.9877992e+000  4.3520758e+000  3.5239029e+000  2.3458951e+000  1.3861970e+000  2.5732966e+000  3.3343130e+000
  2.0000000e+000  3.4081952e+000  2.7172148e+000  2.4088392e+000  2.7398855e+000  2.2001328e+000  3.4354260e+000  3.5486991e+000  2.3680599e+000  1.4468409e+000  3.7822592e-001
  2.0000000e+000  3.4283148e+000  6.9029271e-001  3.4102099e+000  1.6533220e+000  1.5365869e+000  4.3995711e+000  2.2615244e+000  3.2803594e+000  5.8413909e+000  2.3599332e+000
  2.0000000e+000  2.9354098e+000  2.1360006e+000  3.7954465e+000  4.4268289e-001  1.2632512e+000  2.4587587e+000  2.4890628e+000  3.4147964e+000  1.7312686e+000  1.1300071e+000
  2.0000000e+000  3.8715284e+000  3.7267872e+000  3.3694050e+000  2.0855945e+000  3.5931492e+000  1.9653530e+000  3.7136723e+000  3.9015005e+000  3.6227806e+000  2.2156853e+000
  2.0000000e+000  4.2175077e+000  2.2973724e+000  3.8971435e+000  3.7721060e+000  1.0182822e+000  4.2571332e+000  3.2442299e+000  3.3638509e+000  3.7170572e+000  4.0504714e+000
  2.0000000e+000  2.6458415e+000  2.3417502e+000  4.2303819e+000  1.1151523e+000  3.6896727e+000  1.9788670e+000  1.9709358e+000  2.7283624e+000  2.8688727e+000  4.5598387e+000
  2.0000000e+000  2.9154704e+000  3.6480181e+000  3.5654290e+000  4.5678134e+000  3.2745571e+000  4.6903762e+000  2.8151013e+000  3.2739794e+000  2.3688011e+000  2.0252652e+000
  1.0000000e+000  3.0019679e+000  3.6355849e+000  4.8909625e+000  3.8090315e+000  3.7236601e+000  3.2725911e+000  2.8045983e+000  3.3797337e+000  2.9340204e+000  3.5561738e+000
  1.0000000e+000  3.9415378e+000  3.8338339e+000  3.8602608e+000  4.0971119e+000  7.9851728e-001  2.0802836e+000  2.4266193e+000  3.1457257e+000  3.2745273e+000  4.3003230e+000
  1.0000000e+000  3.1383676e+000  2.3571203e+000  4.4985412e+000  4.4262487e+000  3.0347124e+000  1.0629208e+000  2.8420886e+000  3.0206723e+000  2.4039671e+000  2.9067430e+000
  2.0000000e+000  3.7645853e+000  2.8520985e+000  3.3637525e+000  1.4139722e+000  1.4293664e+000  3.0983219e+000  2.5765534e+000  3.3636388e+000  2.1782256e+000  5.1294160e+000
  2.0000000e+000  3.1077013e+000  4.2476556e+000  3.9184387e+000  2.0348191e+000  1.2083129e+000  2.4022421e+000  1.8639665e+000  3.2713403e+000  1.7265116e+000  3.7863163e+000
  1.0000000e+000  3.9154362e+000  4.7253292e+000  3.1393120e+000  3.4126147e+000  2.7393243e+000  2.4655366e+000  2.8352571e+000  3.2964419e+000  2.6979400e+000  4.0652901e+000
  2.0000000e+000  2.4435662e+000  3.5924040e+000  2.6457115e+000  4.3925893e+000  2.9108564e+000  2.4177671e+000  2.5606264e+000  4.0009601e+000  4.1053754e+000  3.0096306e+000
  2.0000000e+000  2.5654889e+000  2.8234732e+000  3.0771407e+000  4.0652667e+000  3.1372030e+000  1.1300698e+000  2.9112293e+000  1.6629856e+000  2.7670670e+000  1.3464304e+000
  2.0000000e+000  2.3931401e+000  3.5776930e+000  2.0160280e+000  2.5883107e+000  1.7231121e+000  3.7386090e+000  4.5873216e+000  2.9022315e+000  4.5766390e+000  2.4400830e+000
  2.0000000e+000  1.2846294e+000  3.0364640e+000  1.8487453e+000  4.5855209e+000  2.7611124e+000  3.2452747e+000  2.4039343e+000  2.3680431e+000  4.1170731e+000  2.9090475e+000
  2.0000000e+000  2.9534003e+000  1.5489802e+000  2.2919091e+000  3.9565569e+000  3.7651281e+000  4.4043742e+000  4.0322158e+000  2.7738769e+000  3.2137557e+000  4.4439003e+000
  2.0000000e+000  1.1998830e+000  4.5391225e+000  3.2785835e+000  2.0715346e+000  2.6399060e+000  1.2926745e+000  2.2450331e+000  2.1781326e+000  4.2366243e+000  3.0162616e+000
  2.0000000e+000  8.4436195e-002  9.9126608e-001  3.2897959e+000  3.2819151e+000  4.1606513e+000  3.0686076e+000  3.2346222e+000  3.7119834e+000  2.6204851e+000  2.5289259e+000
  1.0000000e+000  3.1517306e+000  3.3573682e+000  4.0750012e+000  2.2634924e+000  2.8710337e+000  3.7038462e+000  2.9882837e+000  1.8795874e+000  2.3653187e+000  2.2197331e+000
  2.0000000e+000  4.1502248e+000  4.4892553e+000  1.8101788e+000  2.7601999e+000  3.8034605e+000  1.3579328e+000  1.9957204e+000  2.6185105e+000  2.5637320e+000  3.4675569e+000
  1.0000000e+000  3.3104507e+000  3.6974118e+000  2.3993517e+000  2.5587375e+000  3.2075367e+000  2.7074871e+000  2.3831743e+000  4.9225642e+000  3.1893686e+000  1.6922296e+000
  2.0000000e+000  3.9206422e+000  4.1485379e+000  3.4106817e+000  2.1536072e+000  1.6040672e+000  3.6057661e+000  3.6142260e+000  2.2746211e+000  4.2933271e+000  9.7271712e-001
  2.0000000e+000  2.2917401e+000  2.0217947e+000  1.8791698e+000  2.4649461e+000  2.0671049e+000  1.5293525e+000  3.4847253e+000  2.4063184e+000  3.6611893e+000  2.7959941e+000
  2.0000000e+000  2.4478708e+000  3.7167577e+000  2.8888173e+000  2.7608146e+000  5.5189269e+000  2.9379448e+000  3.1558059e+000  2.5703884e+000  4.1653596e+000  3.7916631e+000
  2.0000000e+000  1.7659697e+000  1.5568512e+000  2.1911410e+000  3.5664927e+000  2.7388454e+000  4.8513536e+000  3.1051201e+000  4.6632272e+000  2.3465123e+000  3.5453034e+000
  1.0000000e+000  3.5268853e+000  1.5317183e-001  3.5200561e+000  2.0109412e+000  4.1266724e+000  2.3782759e+000  3.5872275e+000  2.7642602e+000  3.7937745e+000  4.4414818e+000
  2.0000000e+000  1.9341569e+000  3.5476065e+000  4.0647132e+000  3.3469166e+000  4.0856022e+000  4.5881431e+000  1.7954530e+000  3.1289130e+000  3.2255603e+000  2.2990224e+000
  2.0000000e+000  2.2505538e+000  2.6246630e+000  2.1824366e+000  2.9544455e+000  3.1016214e-001  2.6623786e+000  3.1744256e+000  3.2618172e-001  3.4811816e+000  3.0118001e+000
  1.0000000e+000  3.6498572e+000  3.1697733e+000  4.1812649e+000  4.8592247e+000  3.2713823e+000  2.4366745e+000  2.2016354e+000  3.3993025e+000  2.9811481e+000  2.9029606e+000
  2.0000000e+000  4.6588741e+000  3.3731571e+000  1.3544533e+000  3.8800176e+000  4.0753858e+000  2.8548609e+000  3.0977052e+000  3.7013081e+000  4.9077601e+000  1.7955855e+000
  2.0000000e+000  2.8175184e+000  2.5211302e+000  1.8731501e+000  2.4799853e+000  2.5629434e+000  2.8280245e+000  4.1343323e+000  3.6909763e+000  9.9193678e-001  3.4766090e+000
  2.0000000e+000  2.9363445e+000  2.7023846e+000  3.4031338e+000  2.9821496e+000  3.8782141e+000  3.0173247e+000  3.2289461e+000  1.1499917e+000  3.1810349e+000  1.9670871e+000
  2.0000000e+000  2.5690683e+000  2.6897467e+000  4.5234004e+000  3.3085474e+000  3.8744899e+000  2.9014053e+000  2.5415352e+000  4.7706823e+000  2.1492704e+000  3.0795462e+000
  2.0000000e+000  2.7709919e+000  3.3234871e+000  1.8003632e+000  2.6137032e+000  4.4060063e+000  4.0877166e+000  4.1626033e+000  4.6444392e+000  3.6706389e+000  3.5118578e+000
  2.0000000e+000  2.4818464e+000  3.8179547e+000  3.5353822e+000  2.8797432e+000  3.2035718e+000  2.1596008e+000  2.8240221e+000  2.9742928e+000  1.4043307e+000  2.6275929e+000
  2.0000000e+000  1.9360486e+000  3.4784963e+000  4.8600153e+000  2.3918897e+000  3.7612308e+000  2.9481300e-001  2.4161944e+000  4.1175546e+000  3.3161749e+000  2.0247766e+000
  1.0000000e+000  3.1154870e+000  5.0696295e+000  1.1510373e+000  3.6580829e+000  2.6987669e+000  4.3982628e+000  3.5805348e+000  2.8889979e+000  3.3775318e+000  1.5764843e+000
  2.0000000e+000  4.2397981e+000  5.4314755e+000  2.3346860e+000  3.2063800e+000  2.9408278e+000  3.1602487e+000  2.3697166e+000  2.2082469e+000  1.3790780e+000  2.4251832e+000
  2.0000000e+000  2.9297855e+000  6.1104059e-001  3.1842323e+000  2.1530747e+000  2.6262332e+000  2.9491637e+000  3.2433843e+000  1.7972380e+000  1.5576559e+000  3.3923502e+000
  2.0000000e+000  2.1914998e+000  9.9576739e-001  4.5964173e+000  2.5959882e+000  3.8394464e+000  2.8335395e+000  4.5777410e+000  2.4896946e+000  1.0877721e+000  3.4227459e+000
  2.0000000e+000  1.8748533e+000  4.1825812e+000  2.9358544e+000  3.2289382e+000  2.5070026e+000  3.6777632e+000  3.1818849e+000  1.5590037e+000  2.8849218e+000  4.5175533e+000
  2.0000000e+000  2.7289085e+000  1.0904984e+000  3.0078212e+000  2.4319545e+000  4.0284140e+000  2.5131729e+000  2.1136173e+000  2.8864740e+000  8.0356749e-001  1.7371313e+000
  2.0000000e+000  2.6481009e+000  8.6179884e-001  3.1203284e+000  2.6628019e+000  2.8545795e+000  3.7148455e+000  3.1893559e+000  3.5669967e+000  1.8852701e+000  2.9559947e+000
  1.0000000e+000  3.1795819e+000  3.7757486e+000  2.1625307e+000  2.1948312e+000  2.6899268e+000  4.2174181e+000  3.3110146e+000  3.3298722e+000  2.4858101e+000  3.2956212e+000
  2.0000000e+000  3.4212804e+000  2.7910782e+000  1.8912760e+000  2.3049079e+000  4.6925033e+000  4.1159442e+000  3.2283316e+000  1.0697632e+000  4.5598177e+000  3.8204771e+000
  1.0000000e+000  3.0053498e+000  3.5550133e+000  3.7495506e+000  1.5464576e+000  2.9524760e+000  2.7738666e+000  2.6892401e+000  1.9091775e+000  3.5517052e+000  2.8690711e+000
  2.0000000e+000  2.6818527e+000  2.6433201e+000  4.3837599e+000  2.6508452e+000  2.7005869e+000  2.7763136e+000  2.5390616e+000  3.5391963e+000  3.1768300e+000  3.2274387e+000
  2.0000000e+000  3.8023695e+000  3.7679138e-001  3.5248937e+000  3.4727748e+000  3.4158271e+000  4.1335473e+000  5.7401587e+000  2.1165414e+000  3.9251959e+000  2.9806634e+000
  2.0000000e+000  3.9820447e+000  3.1836304e+000  2.0556154e+000  3.3492732e+000  2.8422793e+000  2.7174711e+000  4.0464785e+000  1.0787154e+000  4.1037168e+000  2.2983439e+000
  2.0000000e+000  1.6418258e+000  3.5459224e+000  2.7090988e+000  4.0784522e+000  2.3529263e+000  2.9691403e+000  3.8053524e+000  4.3321022e-001  4.7207183e+000  2.9717220e+000
  1.0000000e+000  3.6035227e+000  3.9719358e+000  2.3758795e+000  1.1022235e+000  3.1024519e+000  4.3350645e+000  2.5632225e+000  2.4788328e+000  3.1776695e+000  1.5553046e+000
  2.0000000e+000  4.2114454e+000  3.8903820e+000  4.0895743e+000  1.8735196e+000  2.5976378e+000  1.5707721e+000  1.2884998e+000  8.2501618e-001  2.7171518e+000  2.6074566e+000
  2.0000000e+000  2.4095172e+000  2.8077436e+000  7.0088741e-001  3.3379158e+000  1.3851030e+000  3.2502640e+000  3.1643533e+000  2.8310991e+000  4.1012787e+000  3.1431933e+000
  2.0000000e+000  2.1978584e+000  1.7320368e+000  4.0316732e+000  4.1477453e+000  2.3975387e+000  1.3803742e+000  1.4394846e+000  2.4283998e+000  3.4730640e+000  1.9311696e+000
  2.0000000e+000  4.7308977e+000  2.1759508e+000  3.5182272e+000  1.3174298e+000  2.8844784e+000  2.8638224e+000  2.0077948e+000  1.4456061e+000  1.4665350e+000  2.0093391e+000
  1.0000000e+000  3.0231681e+000  1.6913734e+000  1.3492250e+000  3.2246590e+000  2.6800981e+000  2.3228520e+000  3.0529693e+000  4.1241531e+000  2.7773928e+000  2.4262208e+000
  1.0000000e+000  3.8591596e+000  2.4400462e+000  3.2380535e+000  7.5866063e-001  3.7970174e+000  3.4121781e+000  4.2154695e+000  3.2544920e+000  2.9402189e+000  4.4200658e+000
  2.0000000e+000  2.7787939e+000  3.8355661e+000  2.3924620e+000  2.5844800e+000  3.4504317e+000  1.0958307e+000  2.5390371e+000  1.0209849e+000  4.3464745e+000  2.9242759e+000
  2.0000000e+000  3.9246372e+000  3.1131627e+000  3.2592298e+000  4.1309136e+000  1.6186592e+000  2.2794150e+000  2.8159545e+000  4.1506438e+000  2.2059919e+000  1.2962751e+000
  1.0000000e+000  3.9395996e+000  3.6022369e+000  2.5993911e+000  2.5718462e+000  3.9968297e+000  2.7441624e+000  4.4386056e+000  2.6238625e+000  3.2153861e+000  2.0400084e+000
  2.0000000e+000  2.7180693e+000  3.0076317e+000  3.8985267e+000  2.7244702e+000  2.5644687e+000  2.6803475e+000  2.3458888e+000  2.6440671e+000  4.5086539e+000  3.2656172e+000
  2.0000000e+000  2.9651275e+000  3.9428004e+000  2.7763818e+000  3.3038449e+000  1.6537771e+000  4.9018212e+000  1.9964361e+000  3.1076937e+000  1.6239486e+000  2.8765157e+000
  2.0000000e+000  1.3347241e+000  3.0766004e+000  2.7161856e+000  4.0576796e+000  3.1970603e+000  1.9643509e+000  1.7975395e+000  3.7865445e+000  3.5306618e+000  2.6385166e+000
  2.0000000e+000  2.4646919e+000  4.5373060e+000  3.6854266e+000  4.6631271e+000  4.1590846e+000  3.4699632e+000  2.9486949e+000  5.8757021e+000  2.7569845e+000  2.1067966e+000
  2.0000000e+000  5.8425159e-001  3.9431660e+000  2.8205663e+000  1.3939342e+000  3.7681271e+000  2.6349791e+000  2.4400817e+000  3.5131869e+000  2.8438427e+000  2.5776414e+000
  1.0000000e+000  3.1732267e+000  2.4590790e+000  3.4613189e+000  4.1464749e+000  1.8972688e+000  3.6358077e+000  2.0746858e+000  3.8059337e+000  2.9484619e+000  2.2525958e+000
  1.0000000e+000  3.5163427e+000  4.0804314e+000  4.3116112e+000  5.4484115e+000  3.0075859e+000  2.5949275e+000  3.3856487e+000  2.4015372e+000  2.3941703e+000  1.9116410e+000
  2.0000000e+000  4.3306409e+000  4.1040023e+000  2.4223276e+000  2.2193389e+000  3.7114878e+000  3.7572965e+000  2.0530835e+000  4.7070371e+000  3.1200481e+000  3.0541756e+000
  2.0000000e+000  4.1541954e+000  3.2853682e+000  4.0494987e+000  4.5589145e+000  3.3531563e+000  2.9771292e+000  7.5901954e-001  2.3459456e+000  3.6678444e+000  3.6077031e+000
  2.0000000e+000  2.7229775e+000  2.1196697e+000  2.6296412e+000  2.6211086e+000  2.4866503e+000  6.3145670e-001  2.8976285e+000  2.3309661e+000  2.9472180e+000  2.0361011e+000
  2.0000000e+000  3.2287161e+000  2.8072680e+000  3.7907133e+000  2.7944032e+000  2.7019818e+000  2.4780605e+000  1.6283082e+000  3.3731644e+000  1.9738741e+000  2.3832043e+000
  1.0000000e+000  3.8271199e+000  2.9781561e+000  3.0735672e+000  3.0011082e+000  4.1834231e+000  4.7052592e+000  3.4218386e+000  2.7526095e+000  2.8934457e+000  2.4076058e+000
  2.0000000e+000  4.3158285e+000  2.7418726e+000  3.0344206e+000  2.7785221e+000  3.1100849e+000  3.2001161e+000  2.1445371e+000  1.2251680e+000  2.7858957e+000  3.2024394e+000
  2.0000000e+000  2.3360082e+000  2.2960392e+000  2.5322914e+000  1.2558089e+000  2.0813974e+000  3.1333392e+000  2.3356367e+000  3.1216911e+000  3.7746714e+000  7.6601399e-001
  1.0000000e+000  3.2671673e+000  3.5902815e+000  3.5846302e+000  3.2965097e+000  2.3819361e+000  3.4615401e+000  2.3626323e+000  3.9082809e+000  3.8909945e+000  3.6870972e+000
  2.0000000e+000  2.8655218e+000  2.5440622e+000  6.5858134e-001  2.7592499e+000  2.0798752e+000  3.0482876e+000  3.3120903e+000  2.8703845e+000  2.5470327e+000  2.2888457e+000
  2.0000000e+000  3.6550288e+000  1.8380450e+000  4.4258794e+000  3.1147133e+000  4.1676180e+000  2.4927017e+000  3.8349064e+000  1.9775942e+000  1.6532665e+000  3.0052513e+000
  2.0000000e+000  4.5958205e+000  2.6555923e+000  3.0925314e-001  3.2857836e+000  1.4702845e+000  2.3769530e+000  3.3207797e+000  2.8690198e+000  1.9800197e+000  3.4102112e+000
  2.0000000e+000  2.0378859e+000  4.4411482e-001  3.9108954e+000  2.9394373e+000  3.5003994e+000  3.6084960e+000  2.4966068e+000  2.7030248e+000  2.5471322e+000  3.3438312e+000
  2.0000000e+000  2.2362609e+000  1.6862610e+000  1.5350170e+000  2.6368972e+000  4.8472756e+000  1.0220886e+000  3.7072183e+000  7.7725328e-001  2.3744882e+000  3.6362953e+000
